1
294924
262173
131113
32823
131127
32834
131142
229446
262216
229467
101
102
103
163946
98412
131184
229492
262268
295038
163970
295049
262286
262290
131229
164014
229551
295089
164019
164020
131256
65724
295105
295106
32964
131280
295129
262369
229603
229609
131313
164081
295160
295169
33029
164104
131336
65802
262411
98572
262415
65817
262434
33060
98619
262462
196928
196929
65863
164171
229711
98643
262487
164200
196976
164216
262525
65923
65926
295305
65930
295311
98704
33173
295338
131501
65969
98746
33212
131517
33218
262595
229826
229835
164302
65998
197079
66013
164321
164324
295400
164330
131563
131564
229872
33275
229886
33278
229888
295441
66072
131615
229921
229923
229936
131640
98877
131655
164426
295504
66130
295512
229979
66140
229982
66143
229993
229995
229997
229998
295534
295536
262770
230007
295551
197254
33415
164491
164500
230043
131751
164520
33457
33461
295615
262855
295626
262872
197337
164572
295646
33504
230115
164580
99044
197348
33514
262893
262902
230135
262906
197373
99070
99071
295685
295697
33565
164651
33581
295725
197424
262966
99148
230225
230227
99158
295767
131941
33643
99180
131948
263029
33653
230263
33662
295815
263049
230282
295819
197515
131981
33678
295835
99228
295839
263086
164785
66483
295864
197567
295873
132040
99272
66512
295889
99286
295894
295895
132062
263143
164845
66542
295926
164859
99333
263174
164885
295964
164893
230433
230436
33859
230467
230469
164934
263239
296014
164951
99421
230494
263262
296044
132210
66675
66684
230536
165010
197791
263336
230577
66742
263358
165056
99526
263382
263391
99555
34025
66804
263416
34044
165119
263425
66821
296199
296202
230669
263441
132377
263450
165165
230703
66864
165174
263480
263481
165181
197963
99668
230748
99677
165243
165245
296325
132485
263561
132490
230793
296331
99726
66964
1431
263584
230817
296355
263592
66985
66986
132525
132530
34227
296374
99767
296380
263612
132547
132552
230858
263627
263629
263633
263634
296403
198104
296410
263642
132576
263649
198120
165367
230908
67070
132617
230937
34335
34336
296488
198196
132661
263737
263744
34369
263749
165445
99916
132688
132691
67164
67170
34422
231031
296570
296573
132739
34436
263816
231056
231060
296597
132770
34468
198308
231092
296628
132790
100023
263869
100032
34498
67287
263897
34522
231129
296675
263909
296683
296688
263922
263924
198390
34552
263932
263940
100101
263953
132886
100129
165669
296742
67372
263981
67373
296750
231226
231240
231252
231253
296792
198490
198495
264032
67425
264058
67454
231294
133001
133016
264101
231347
198579
34746
34758
100299
264145
264147
231386
67547
34781
133094
133099
67584
34824
100362
133130
165919
264227
264229
34858
264239
100411
100424
198745
133214
133215
34915
264292
231526
133237
34933
34938
67722
264343
231578
231584
198817
133295
34992
100530
35000
100539
166100
100567
166109
231656
264426
264430
2286
166129
133361
264433
166134
35068
100617
133397
67869
198943
100646
100651
166189
100654
100663
133448
67920
264535
133471
231785
35220
35226
68002
264612
264616
100785
264630
35259
133573
264659
199130
100827
166365
35297
231905
264673
264677
264678
166382
231919
133622
166395
199171
100870
133639
100874
231964
264735
100900
133672
166444
264753
199218
264757
68150
264770
199251
35412
35413
232029
232032
264808
133751
264823
166524
199294
166527
264833
133763
232074
35466
2700
35473
35477
232087
232093
232099
35495
264876
101042
232114
68287
101056
264897
232129
35523
264901
101072
264926
35553
35561
264941
264947
232190
264967
35595
199437
264981
232241
199477
133957
35654
232266
265040
265041
199506
265043
166742
232282
265053
101221
35688
232298
265081
134014
35714
166797
101266
166804
199588
101288
35755
134060
166834
265138
265152
35782
232408
232409
134106
68573
232415
134124
232428
101364
101367
134135
232456
265226
68618
166932
232471
265240
265241
35869
3103
68642
265269
232501
35900
265290
101452
199757
265296
265306
265307
35940
167028
265334
101498
101501
265344
199811
232584
167058
265367
134299
232604
68766
68771
199851
265401
232638
265412
68807
232650
68818
134358
68827
134365
134368
199907
68855
167160
265477
232714
199956
134422
101659
232737
265505
265511
36163
68934
265546
36171
68941
232786
68954
167268
200049
68982
36223
200068
200072
134537
265610
36242
36243
134562
265636
265639
167345
265654
232898
232905
36300
200144
167378
134611
265688
134617
232920
200158
101863
200169
265709
167408
69111
232954
265723
265725
167424
101892
200207
232979
200212
101910
36379
200219
134685
200230
200232
36396
233005
36411
233020
233026
233030
36443
69215
167526
69224
200296
233065
101999
134769
134772
233080
134791
265863
265876
102044
167594
69298
200370
36543
167617
265922
36549
3789
200401
233171
200407
233178
233184
233211
134917
200455
102159
102160
167709
233263
266037
266042
102208
200520
233294
266071
200546
200550
233320
69485
233333
167798
69495
36727
233348
36746
233378
167844
200618
69547
233388
167856
200628
167874
233417
266189
233424
266195
4054
167920
266233
266252
266256
233503
69664
200737
233513
168000
266320
200786
266332
36961
168035
200805
200811
102511
69748
102516
135294
266369
135306
37004
135310
266387
69788
233643
69811
266424
266425
69819
102596
200907
69835
233677
168141
233681
37079
168152
266455
102619
102622
135407
233713
135417
37118
200966
168201
266507
266529
168226
69921
233775
102708
266552
37195
201041
266584
233822
168309
233882
102819
70053
37289
135604
201142
266682
135623
201167
135635
135643
233955
266724
233974
201215
233983
70145
102912
266752
102916
233989
135687
135688
102923
201227
266767
266784
168492
201280
201282
37442
70231
103000
266844
266847
201329
135799
266873
135803
234123
37525
266907
234140
168605
201382
266939
266957
168654
135885
266969
234208
168673
201444
168678
37607
266992
103156
266996
4857
267001
267008
267016
168721
4883
267035
135966
234272
168740
103208
201513
135981
201520
267060
267061
267063
103226
234301
168772
267077
70478
234322
267096
168797
267104
37747
267126
136070
234376
37774
103312
234387
5017
103322
5018
267167
168863
201639
136111
201651
103348
201656
234430
234440
201677
234457
201702
103407
136182
201724
267261
201731
234513
267282
37929
234537
136233
37931
169023
201792
234585
267356
136285
37995
103534
234608
38006
267386
267391
169087
70786
234635
38030
267410
38045
201889
201893
103589
267451
267461
267483
38109
267488
201956
267497
202004
202006
202009
169242
70940
169248
70949
234792
267566
267578
38211
5443
202053
267613
202080
267617
5476
136559
267640
234879
202113
38284
202127
5520
38299
267676
202142
202160
202161
267698
202165
38326
267709
234944
234945
71108
38345
71126
71141
234990
136689
234993
136693
103927
267775
71170
235019
103952
71188
235029
267800
235042
267814
103988
169539
267847
235080
38477
202319
169556
267867
71260
267882
235117
38515
267892
235125
5754
267911
71325
202397
5791
235172
235173
267952
38578
235199
267972
136900
136913
235220
104150
267990
235223
235232
235238
268007
202472
104171
202486
104194
104202
268042
235279
202521
235296
136992
71467
71469
268080
169781
71481
71482
137023
137039
104276
169820
38749
235356
268132
268137
202611
202616
169849
71550
235395
71556
202628
38791
38801
235409
235412
38810
104347
268186
202654
268195
202663
71591
169897
104363
169902
71598
104374
71607
38840
169911
268223
137152
235460
235461
104400
71640
38874
169954
71652
104427
268275
268277
104471
235549
104484
268327
38953
235570
6198
170042
268357
137286
202823
170056
170057
235592
235605
202847
202850
137320
104559
268425
235660
170134
71844
6308
235687
268459
170167
268472
39116
71888
202966
235736
268514
235752
137459
6388
268534
268548
104730
170270
268581
170299
268609
203075
170310
39240
203081
268635
104800
104802
268645
268647
39273
72044
170349
268656
104818
137604
268679
203144
137617
39317
137636
6582
268730
268744
268748
104920
268761
268763
235995
72162
203237
203240
39405
203253
72192
137733
268807
268809
268814
236055
72217
39450
268836
236070
72234
236080
203314
203315
203316
268853
268860
203341
203344
39512
137821
268904
72296
268908
203393
268944
236183
268954
268957
236189
137892
137900
203439
170672
170700
170706
105175
203482
170720
137954
269027
137963
269039
137976
203513
236298
138008
269087
72481
269091
170791
39731
138036
138040
170810
170816
105291
6989
269150
138082
105315
39781
170866
236415
236433
236435
105367
138143
203683
39853
138166
105402
236474
269247
236482
269257
138187
203735
269276
105437
7141
203751
236523
269291
236528
236539
138235
269312
39948
236556
138254
105487
269330
39981
72751
171077
171087
203856
203862
171098
105564
171105
40038
138351
236656
269425
171123
105598
72836
138372
72847
72849
203929
269482
138416
203955
269492
236729
236738
236756
72928
302305
40161
236771
236779
72943
138482
138485
269560
236802
269572
171272
236809
236810
138506
40204
236818
138525
269604
204074
204075
40237
269620
171322
269632
73025
269637
269645
236884
269655
105827
138602
269685
7541
40331
138636
7566
105879
171427
236966
269735
236973
236975
204211
40382
269762
236997
204234
302541
269781
105952
7649
171518
237054
105989
73222
237061
73231
138801
73268
73269
73272
40507
171586
106051
171592
171593
269900
171612
7780
204399
138872
269960
237193
138895
237199
237207
106143
171697
237234
171700
40629
106168
237240
237249
270020
204484
270026
204499
171735
106202
270066
270072
40702
171775
237316
106245
270095
270100
270103
106265
171801
171803
204570
270111
237355
106295
204603
270167
204641
237410
237418
204654
302968
270205
106366
270206
237440
204671
237443
40836
40838
237447
270227
204701
270239
40872
204716
171949
270252
270269
204739
270277
270284
237519
106456
270298
40923
40927
270306
139239
270314
106476
172022
40953
139259
270342
40971
270348
270352
73745
270361
204830
237607
270379
237615
139314
172089
237627
204861
139325
270402
270416
172114
41043
41045
237656
106586
237665
41064
73840
139387
270462
106633
270481
237720
172189
237728
204962
172198
172199
73897
139436
41135
270518
237750
237758
139458
139473
139475
270548
237781
270549
41176
139481
205028
41191
172268
73975
106760
205067
106768
41236
106772
205080
270616
205089
237861
139568
237873
139570
270647
270656
172355
172358
106826
139602
270680
74082
172388
74086
139625
270700
172396
74095
41329
270714
106875
172422
270732
139668
270757
237990
237991
41387
303533
139708
139711
238026
74208
172522
238059
270828
106989
74220
139761
41465
205315
107014
238093
107029
172566
139802
205341
238114
74280
172588
172589
270895
74288
270902
238135
205370
41533
41536
139853
270925
107087
270931
172629
238168
238178
205411
270948
270962
41593
270972
205452
107149
205456
270994
238230
139927
139931
205484
271030
271055
238294
205541
41706
140015
238322
205572
271112
205583
172821
271129
205598
271145
172845
205621
140086
271180
41807
271191
205665
140131
41835
205675
238445
238446
140143
172914
41850
41855
271237
205711
271247
74643
107417
205722
172956
205725
107422
271264
74669
238520
9145
271290
238526
172993
205762
41923
107471
74709
271318
41955
74732
41989
238601
9233
271383
238633
173100
140340
42042
140351
140354
173129
140362
271435
42059
238670
205910
173151
42083
107623
140398
271483
205956
107666
173202
173215
205994
271531
42155
271539
107703
74936
206017
238787
206020
140489
173261
42193
238802
173272
206040
206046
271584
238823
238832
42227
271603
140534
271625
271640
238874
75036
42270
140575
206111
271649
42277
107829
271669
238901
42296
140600
238905
238909
173396
238939
271712
107885
140655
206197
173433
206204
173440
173441
107906
271744
173451
140686
107923
206251
9645
107952
140723
271797
239043
42437
107984
107985
42454
173527
173533
206306
173546
271850
9714
271859
75253
271867
108044
239117
108048
271891
239132
173601
42534
271914
75310
206392
108088
271939
108110
42578
271958
108119
108123
42593
108132
206441
173685
271992
173697
239239
239242
75403
206478
108179
272024
206495
173739
239281
108217
75454
206535
272090
239329
42729
239341
75502
206581
206584
141062
206604
173847
239393
239402
75563
272171
108331
206637
206645
75580
141126
108359
75594
141134
108375
239456
272225
173938
206708
173963
10124
75663
141202
272274
42913
272305
108477
272320
108484
141253
174022
239568
206807
206832
272376
174100
75796
272406
239642
272413
272416
108582
239659
43058
272454
206921
272468
272477
206952
174185
206959
174199
206970
141439
108683
108697
108702
174241
174246
43176
108718
174267
108732
108733
141506
75973
108742
272594
141523
174293
207073
76008
141560
272636
239869
141565
43263
207104
207105
239881
239884
174352
239892
141588
141590
174376
272689
108854
108855
174399
207167
141640
207177
207180
76123
43379
141686
272759
174461
207233
240001
174476
207254
174487
240034
207274
108977
272822
240057
240073
240074
240081
141779
207317
43483
141790
141799
240111
109048
76280
141819
174602
207370
174607
141840
240149
240157
207399
207415
43583
240201
109135
43607
207454
240225
273002
273008
174706
141950
273023
109189
174730
273043
207514
43675
273056
174756
207534
273072
142004
240310
207544
142008
174789
43718
240328
174797
174799
273103
273104
76509
109301
240383
207627
76573
109342
43810
76595
240448
43842
43848
207701
174941
174945
76646
207720
207721
273261
76653
43890
109426
109429
240506
174972
240510
142215
142225
240529
109463
273306
76710
240553
76714
109482
240555
273326
109495
273343
175045
43977
207824
175059
207829
109528
175065
273375
76771
142310
44007
109548
76780
240643
76804
175110
273417
142346
240654
142357
142362
273436
76830
240674
109610
175152
207920
207930
273476
240711
175180
11343
109652
175207
273515
273517
207984
44146
273529
207996
273533
142463
44166
208024
273562
208044
142520
273611
273635
208101
44263
240874
208114
208115
273650
109813
240885
77055
142612
273705
109875
109876
240950
44344
273730
240966
175442
175446
142683
240994
44399
142713
175487
241026
273803
142737
208276
273813
44445
142750
11684
241061
44454
241060
142762
273838
110004
208311
208323
142804
11735
273880
142810
273885
208356
208358
142832
241137
175601
273913
208401
77339
175667
241210
44606
110149
142928
208468
274008
208474
274013
44653
241273
274059
208528
241297
208539
110236
44704
175795
274106
143035
241347
175820
274126
175833
110299
241374
110305
110310
241394
274166
241399
274174
208643
143111
143118
143133
110380
241457
77617
77618
274229
143159
241476
274248
241493
241496
77672
274290
44915
110450
77695
274309
176010
208781
208782
274327
77721
241566
208808
176051
274363
110539
45009
208850
241620
176085
241626
274402
110577
143353
241661
241664
241670
143383
241691
77858
45096
208937
208938
77865
110648
241738
77907
176216
208986
241756
77917
241758
12392
274538
77932
274541
176242
77945
176250
241790
176254
274561
110727
143496
143518
110767
110769
78002
241851
209095
209099
274643
110806
241891
241901
209135
45303
78081
176387
274694
176394
274700
110862
143639
143644
274716
110886
176437
209205
45369
241980
78142
110915
143688
274762
274765
12625
176470
274787
274790
274794
110957
176495
78198
242042
209281
176519
209287
274823
143755
176525
209295
274831
78235
78236
242079
143777
176545
143781
274858
176555
143804
78287
242135
176607
274924
242159
143859
111107
242189
242195
78365
111136
176677
143925
274999
242239
78408
242248
275025
78431
275040
78439
242288
176755
275064
209540
242308
275082
209550
45711
275092
176791
242333
45736
78505
78506
275116
111278
111279
45745
275125
242357
78523
242364
111294
13006
209626
144092
111333
275174
45803
111340
176882
275187
78592
45847
242456
45854
111392
242478
242480
111409
45878
176955
209729
176966
144199
242510
13141
242520
111450
78687
242531
177035
275346
177046
242591
111522
242603
177075
242612
46012
177093
242633
177117
144351
242662
275432
144362
177140
242677
111624
78867
242727
242728
275498
111660
275506
242744
275514
275531
242776
210018
275558
210025
177257
275572
177271
144507
275584
111749
242823
242826
210065
275609
275610
177311
275617
242854
111809
111816
177356
275667
242906
111846
177389
242927
242928
177395
242940
46335
79117
242973
111906
177442
46372
13611
177452
46386
275776
79188
177497
46428
275806
275808
144740
111977
275820
79228
177537
46470
144777
13708
46487
144812
13741
79283
112055
275898
275904
177639
243179
112114
144884
210429
210436
210440
177678
210447
210448
243218
243222
79389
276002
112165
177704
276011
177713
46643
46649
112185
276025
276031
243264
243268
144964
144975
46677
177751
243294
243295
46688
79456
243302
276075
243309
276078
276080
177777
46709
145021
243330
46724
243332
112263
79498
145036
46756
243375
14010
79549
46783
112319
145092
112329
276170
210645
210668
46847
276231
276232
46865
177950
177953
276261
243494
112426
112432
145203
243523
243525
210758
177992
276298
210763
210768
112474
243548
210782
243552
112482
79716
276326
145276
243586
243589
79753
243595
178059
47018
79791
112561
210866
276409
112576
178116
276422
178129
210902
276446
178143
276451
178157
210938
243718
47116
210958
112665
276505
79905
178210
47142
276521
243766
276535
211001
243774
243776
211012
243781
178252
211023
276562
112723
79956
211029
145501
178276
79979
276589
211055
243824
112753
79994
243843
80019
243862
243863
276638
178338
112803
47274
47278
145582
178351
178354
80051
145587
276665
47307
112847
178384
211157
243935
276710
243953
178429
243968
80130
178436
276749
178457
244002
211237
211238
80168
145707
47423
47426
145734
244039
276813
211280
80221
276838
145777
276849
47480
276858
244092
178560
244101
178569
276874
47501
211343
244118
211361
211382
178620
244156
244164
211401
244176
80340
244183
211424
211436
244204
276972
113135
178671
276978
145907
244216
276985
47623
277000
178706
277024
113189
178735
244278
277051
277057
277059
277064
244296
14923
277072
211541
14935
211544
113248
211558
178792
178793
211563
80499
244339
80501
211573
146041
277120
146052
113286
211600
146071
211613
277153
113320
47785
113334
244407
80568
211643
244415
211651
244424
178897
47839
178911
244449
211687
178926
47859
277240
15098
80641
277257
244496
47890
178975
244514
178980
80688
277296
47929
80708
80716
80722
47959
15194
179034
277343
244578
47979
244588
47981
179061
179062
179066
47999
244608
277392
15280
15290
277440
80844
146388
113622
211926
113625
277467
211939
179177
211945
113643
244719
277487
244721
277489
80885
80886
211957
179194
113666
244745
277524
244782
244783
113714
48199
146514
277587
212053
244822
277595
277597
15455
277624
179336
212114
244892
48297
81066
244924
81090
146629
244935
212172
212178
244956
277724
244957
179426
113891
212202
179435
179442
212211
277747
212217
277770
48396
212241
245017
48409
277788
48414
146719
179491
212266
179499
212267
212274
245051
277825
146755
277838
245073
146771
245077
245078
277849
81242
179549
245090
81254
212334
114034
114035
48507
245121
146817
277897
81289
277900
114065
245154
277932
212399
48559
277937
81330
245177
245178
277955
245190
277963
245195
212434
277971
81365
277977
48605
179681
212461
114160
179709
114183
212489
245259
278031
245272
278053
179753
146987
245294
114246
245319
48711
212555
245324
245328
245332
212564
81502
212587
48747
179824
278142
212606
278183
179883
81581
278190
212656
114365
114369
278215
48841
81609
278229
114395
278235
245472
278259
48884
81653
278284
278288
245525
48918
212757
179995
212767
212771
212772
278315
114477
212784
212797
114508
147276
212816
180055
278363
245595
114527
48992
245612
180084
49021
245629
212863
212864
49030
81800
212873
114575
49047
245656
245657
16292
81843
49076
245690
212926
114624
114627
147407
245716
278487
49153
245779
114711
49181
114718
81970
147507
81985
213067
278604
278614
278619
278621
213087
147554
16488
49257
213100
213102
245873
278643
147578
278651
278653
278654
180353
180356
180358
278669
278671
245905
114836
278677
180374
213143
49315
245930
213165
278707
49337
114877
213189
278738
278747
180462
180464
147697
180466
278779
246012
246021
180489
180495
246042
180523
213298
246085
115013
49495
278871
49497
147822
213358
180595
115060
278906
278910
213376
246161
213402
16797
115126
16823
213433
278971
49599
213452
82381
147931
246236
279010
279024
115187
180724
180723
49661
180740
82442
82447
279074
246310
279085
82478
82480
180785
180809
115277
180816
279120
49755
246375
279155
148087
115324
148096
82574
213651
246420
115356
213660
213664
213668
279205
82606
49842
17076
279221
49847
213691
279236
279257
279273
17136
246513
180978
180982
213755
148220
82687
279305
82698
148235
213769
279311
246544
148246
82717
17186
279337
181034
49963
115497
246575
148295
213831
246613
246617
148322
279395
279397
181118
246655
279423
50069
181151
82848
246687
246693
115629
148401
246721
279490
148427
181202
181215
17376
50151
279527
279534
50160
148469
214014
279564
246802
115739
17436
246817
181283
181293
246830
214065
50236
50245
17485
246863
246886
279662
148591
83086
279695
50338
181433
214206
181438
115904
83139
115913
148685
279759
214230
148695
83168
247012
214256
247041
83207
247048
181517
17678
279825
279827
279832
247064
247077
279847
83240
181555
214324
214334
116031
247108
181586
279895
247129
181598
279903
214381
83316
279927
181625
116096
181637
247174
148882
214429
247210
247212
50605
214450
181683
50617
17855
247248
214486
214487
247259
17886
247264
214499
280063
83462
50696
280079
247314
149033
83504
280113
280115
50742
214586
116288
280138
214605
116302
18013
247394
83558
50795
181874
280193
181891
83589
83607
247456
83620
83626
181937
214706
18113
50882
214728
18122
181964
280289
280295
247529
116463
149235
280309
247542
214781
280328
116494
280336
247578
214811
182047
182048
182057
280364
214831
247601
149330
182098
214891
280431
116594
51062
280441
247681
51077
214921
116636
182174
247715
182189
149424
51122
51128
247738
280511
214976
116695
280536
83930
280548
280560
280561
182265
280572
116733
116734
280574
280576
247811
247814
215051
83984
247827
51232
280609
280623
247857
247865
84026
215098
149572
247887
149610
215158
215160
182406
116874
116881
149650
280726
84120
18589
247974
247976
280745
182460
182469
84167
84178
18644
18675
116986
280832
117000
280852
51478
149785
280860
117021
117026
182576
149813
51516
51518
117055
149833
84302
117073
280916
280920
51549
248159
248160
117101
18798
280945
84348
280959
84352
182656
215429
117128
248206
51600
280978
18846
248225
18851
84393
215473
84404
18869
281039
182735
84436
51669
281047
51673
149978
182759
182764
51693
215533
182770
117240
117253
248333
248334
84493
84499
117267
51738
51744
248374
19007
248390
84557
281168
215638
51799
150104
182881
150127
51823
150133
182910
51841
51843
281219
215687
19084
248468
281243
215709
248478
281248
51875
117413
215718
51893
51894
84668
150206
19145
182988
117458
182994
117462
248547
248550
248551
117482
248554
215794
150261
281333
84728
281337
84736
248579
281347
150287
150298
84766
281374
248609
248630
281405
248639
117573
215910
84847
248691
183157
281463
281472
281476
183181
117649
215956
52117
248729
215962
248731
248735
183200
19366
150442
281515
84912
52146
150451
215987
117689
248763
19390
183237
248775
281544
150472
216021
248802
84966
183271
183278
183279
150515
248824
281593
19453
281598
150531
216071
52237
216079
117779
216089
281638
248872
216111
216114
150579
150587
19517
150590
117822
248901
248914
281685
216155
117856
248931
281700
150633
216170
248937
19564
183407
216175
281717
52345
216194
248970
183439
85138
19603
248990
150690
281762
183476
183486
150749
19689
52460
150776
19709
150784
249088
281860
118024
118030
118031
249131
150834
183605
150843
118077
85312
85317
281927
281933
281952
183648
85351
281967
85369
281978
19849
118156
150937
282010
52635
282012
118179
150952
118185
118199
249278
216530
216531
118235
85480
19951
216562
216584
85522
118290
282134
52759
249367
216610
183856
216629
249406
118334
216672
282211
249460
151161
52860
151167
118408
85642
249492
20121
118434
20131
85676
151214
183987
183990
216763
249536
184001
216770
85697
85702
20169
282313
282316
85710
249552
249555
249556
118484
249562
118498
249572
52975
282351
282355
52985
85754
118524
282368
282377
282391
282394
282417
249654
282426
184134
282442
216914
282452
85852
184156
282467
216937
249708
151405
184175
20348
216961
85895
282504
282560
282565
184262
282570
282571
249806
151519
282592
217057
151525
249835
151556
282628
151558
184327
249879
249885
53279
86049
86051
184362
151595
217139
184372
282685
217157
184405
249941
249944
282719
118882
184426
151664
20595
184439
184440
282748
249983
217217
282755
151691
217228
184484
20648
217273
282810
217284
53453
282836
282837
118998
282838
282843
250079
151802
184592
282900
282904
184603
151840
250152
217390
151855
250159
250171
20799
184641
282948
250185
217418
86347
250187
282958
151888
282960
119129
217441
53616
119153
250226
250229
53626
53630
283007
283023
119205
217510
283053
250286
283059
217526
250297
151997
250312
250313
283082
152014
250318
283089
217559
86494
250336
152033
217570
283106
119274
152058
217605
86544
152080
119313
119318
184859
86562
250403
152116
21046
119353
283194
250429
217664
217668
119367
86607
86608
21081
250462
250465
283243
21099
283244
217715
250490
250493
250497
250502
21126
152206
217752
53916
53930
86731
217803
53967
185040
21227
53996
250605
21236
250612
119554
185093
119575
185128
283442
217907
152382
119620
21316
185158
119631
54098
86871
250712
185182
185184
283490
250723
250729
21354
152430
185200
283520
54145
152450
217992
250775
283553
152485
185258
152492
218031
218032
152496
54200
119737
283578
119761
87012
283638
87030
152583
283656
21517
250902
185379
218154
218156
250928
119858
218170
87107
250962
87124
119893
152667
87132
250977
119908
283756
185453
54393
251003
283775
185481
185484
54412
283791
283799
185496
251037
185502
152739
251045
185519
185523
54454
119998
54462
251081
54489
283865
283871
218338
251112
152815
54514
251125
120053
218357
283902
251144
283913
185614
120080
218386
120085
54551
218400
283938
251181
283971
152905
251209
283978
251213
283986
283987
120154
152923
87386
120166
185708
54642
251253
185731
284037
120200
218505
284058
152995
218550
120256
185815
153047
87514
251354
284125
87519
284140
185844
120309
284157
153086
185860
120327
251401
54794
251409
185873
185878
284185
120350
218655
185888
54819
251439
185910
185919
153161
120404
284246
120407
54872
218716
120423
251504
251507
251508
185979
120444
284289
251524
22149
153222
87692
22160
120464
218770
218773
153238
251547
186021
153282
87746
186050
153290
22223
218832
251605
186073
22234
55007
55009
87784
186106
55036
284415
251647
218889
186140
22304
22308
87845
55080
87849
186154
22332
284483
186185
218961
284503
284511
251748
87913
120682
120685
22381
284542
55173
219017
284554
186252
251796
219030
55205
87975
251819
87994
284602
219070
219071
120768
22481
120792
251874
186351
55281
251911
284682
120845
88077
219157
153623
251937
120867
88104
251965
55365
22601
219213
219217
88149
55382
88154
186480
252024
186498
22667
88210
252051
219300
55461
284836
186535
252072
186541
219311
284880
284882
88277
121051
219359
284895
55537
252152
219392
219398
55567
284944
284943
121126
153895
219436
284975
153908
252216
22841
121148
219468
121164
252239
186706
252243
285016
55640
252262
153966
219504
22897
252278
285058
121225
88457
153996
252318
252319
285101
285108
219591
252360
121292
285135
219612
252388
55781
55789
154095
23028
252407
285185
88582
186889
252436
121370
252443
252445
252448
88610
186914
285225
285231
219697
285240
186940
88640
252480
55877
121415
55880
23125
252517
154216
285297
23157
285302
187003
23183
285329
55953
285335
23196
187039
121508
285359
121521
252594
187070
121543
187080
219863
285399
285403
219867
285409
187112
252651
121584
88822
285431
252665
285437
219918
88872
23342
219960
121658
219966
219970
285507
285509
121677
187221
219997
187249
88949
187257
56189
56191
56195
154536
252842
89005
187314
252851
121780
56246
252861
121790
89024
121794
121795
89030
285644
187345
187350
285656
56282
220127
23526
154608
252919
220152
187387
89084
187389
252928
220166
89105
121875
56340
285717
89114
154651
252959
56353
187427
220203
220206
285744
187441
121911
121921
220227
220233
56400
121945
56415
285794
56425
89198
220273
220285
220316
253090
285859
285863
122033
154801
253132
253134
220375
23768
285916
220381
187618
154851
23792
187639
154880
122125
220429
285969
220450
253230
286002
122172
187717
187718
286025
286026
154961
187730
56659
187743
220515
23915
286059
220526
187761
253297
187778
286083
56716
155022
89487
286121
122283
187821
89519
220594
122293
220602
155076
122310
220621
220632
220633
220634
89564
220642
89573
286182
286184
122345
89596
286220
220689
56852
155158
286238
220710
89650
286272
253505
56910
122447
286287
253523
220764
286302
155230
286305
253538
286315
155255
56957
253581
89744
122514
188053
155297
253602
122533
253607
253610
253619
286388
155320
188092
286412
57056
188129
57059
89831
286443
24306
24315
24331
188181
24342
57117
253728
24354
286498
253734
89902
24367
57167
57172
155478
24410
221019
221020
253786
89953
286584
188285
155523
122757
253830
155532
57234
286617
286621
286623
221101
286646
221120
122819
188364
155597
188374
221153
221155
253928
90092
286701
188408
155642
253947
221189
122899
221232
122930
188468
122933
122941
24638
286791
286793
254039
188509
221278
188532
57475
286853
254103
286884
286886
221355
188589
57525
155839
286916
155845
286917
90315
188637
155873
188646
155888
286960
286967
155896
188666
221436
155910
286998
188697
287004
287013
221479
188711
155952
123185
90418
221494
254262
254269
155966
155983
221524
221554
287090
123252
156026
287104
287110
123291
57756
57757
90533
287144
254388
123324
287170
221635
254404
254414
287184
254417
156115
188887
254427
188893
156129
287213
254449
254458
188925
254463
287232
254471
287247
156176
287251
254485
123414
57883
156197
254502
254504
221738
221743
188982
221757
287295
254539
189005
25165
287311
156249
156261
57971
221813
90745
90747
254591
90756
189060
57992
189065
57996
156301
287379
287381
189082
287400
254634
189104
156363
287437
25296
58070
254685
189152
189174
25336
221949
123649
58114
25353
58122
58123
221964
123683
254767
58170
287553
25416
25421
156495
58196
90971
222047
254817
58216
287595
254849
58247
91018
156556
222096
287634
222098
25501
25516
189361
123835
91067
254908
287686
58327
222168
287707
189404
123868
287710
222179
91113
287722
123891
254966
287737
222204
58368
287747
189445
189452
91157
156701
189474
287783
58409
156714
222249
91180
287788
58436
189508
25670
255048
255053
189523
91222
189536
124001
255077
124005
255082
222317
156783
222324
58490
255103
156801
91267
287880
91274
156817
189588
91287
287901
255153
222387
255158
25786
222395
25791
25792
189635
91333
255179
287950
189651
25820
91361
255214
124151
124159
25860
156937
189705
25871
58639
255252
25890
25899
222508
288043
91438
288046
288058
156987
222525
124230
157013
25955
58727
157041
58739
25982
255359
288135
26002
222610
91540
222620
255391
288159
189860
189861
91564
288173
255406
255404
255409
157109
255413
288189
288190
189894
91602
189908
157142
124376
91621
58858
157168
288254
222724
288263
124426
288272
91666
26137
288281
26139
288297
288318
190015
288320
288328
190039
190044
222830
124527
91761
222839
157322
222858
157328
124563
190099
124568
91800
222872
255645
222880
288420
190116
222904
288443
157380
222941
124648
222954
190193
288498
59141
91912
124683
59164
157476
91963
255819
190283
223070
255838
288614
92014
223102
124801
255874
190341
157580
190349
92046
288659
255897
288666
288672
288673
255906
124842
59318
92091
26556
288706
288709
92106
255947
124878
190419
288730
26591
223206
255980
256004
92167
157709
26644
59416
190490
190491
288797
157727
124964
288810
125014
288861
288864
59499
92268
256111
256112
223345
223354
157820
256125
256127
157825
157826
223364
256141
157844
190612
288918
92312
157851
223387
125093
288942
288953
157884
223420
223439
59622
26855
256232
190699
92397
223477
289017
289023
157957
125195
157965
59662
256272
157969
157992
256300
256301
92473
59711
289087
125249
289089
289101
289104
289115
92509
223585
256357
256359
289133
256371
190835
190839
256376
223619
59780
27020
27027
223653
125353
190889
289195
256434
92599
289209
289215
158145
289223
125385
190925
256467
27094
125402
92638
92639
27107
289252
256491
27116
190958
223726
59894
92663
256510
223756
59918
59922
27158
289307
59933
223783
125480
59949
289342
125505
256578
289366
59996
158313
27244
223855
191093
125559
158331
191099
289411
223876
223875
158350
223892
256677
125624
191161
289464
289471
158400
223939
289476
191173
191178
158415
256721
158435
223981
27390
256770
224009
92952
27426
92962
289577
289579
256814
289584
191280
289591
92989
60222
224063
158552
27484
158558
191333
93033
256879
256883
224126
289677
125838
125839
191381
224149
158615
191385
289702
191402
27563
93104
289714
191415
289724
158656
191457
289765
256999
257011
224248
60422
289799
93192
93194
158733
224280
224281
93213
93222
224295
224301
93233
224305
191543
289859
289865
224338
224340
289879
126040
224350
257125
289901
191597
126062
158835
224376
60539
158850
191619
289937
289939
27797
257173
93336
93346
27812
257196
191664
289970
191669
289975
191673
27849
257227
289997
257234
191701
257243
60650
60652
290029
224494
191729
257269
126210
27907
257290
158987
60684
158989
93455
27922
159014
27950
224559
191806
126281
224591
224592
27997
126301
159071
290148
257382
290165
191871
191882
60813
290204
159144
290220
126380
93614
257454
191923
257467
191932
257469
191936
93669
257517
126447
126449
257527
224759
159226
159231
93698
93707
60943
93712
257551
290358
290359
290367
159308
224846
126549
192086
257628
290396
159328
257632
224865
126564
290407
93808
159344
224880
192122
93819
192136
126602
224916
290463
28328
61098
126636
28337
290483
28342
126654
224961
290498
224965
126662
93899
257748
257749
257750
28375
126683
290530
93924
93925
126713
290563
126723
290570
93973
28439
257819
290588
61213
126749
126750
126753
192296
290600
257834
61227
28459
290607
225071
290625
257862
257863
159562
159568
126804
126806
159582
159584
61304
257913
290683
257931
225164
94097
290710
94103
159645
257951
192418
257956
192426
225201
192438
290744
192445
192454
257990
94154
290762
159690
192458
257994
28623
159700
258008
192482
258026
159723
192499
290804
225277
258046
290827
159766
290839
94239
225311
290855
127020
192571
159806
192575
258111
225357
159833
192607
61538
225381
61542
258151
258155
290924
290930
94331
28800
290954
192655
225426
290963
61596
192672
192683
290987
28845
127156
127162
258235
291006
258240
192716
258252
28886
291038
61663
159966
291043
291047
192745
291051
225517
291056
94448
159985
61680
192766
127230
225536
225544
127246
258321
61720
192792
258332
127263
28959
225572
291118
291130
258363
225602
192839
29002
160078
127327
291167
29028
225637
94599
291210
225680
258450
160147
258455
127383
127388
127392
225700
192943
160181
94646
291255
291261
291264
29126
291276
127437
61907
160214
258529
291299
61928
291306
193003
258544
61939
258554
193027
225802
291346
258581
160285
193056
160297
258611
193085
258621
29247
160332
258656
225897
258665
62061
225909
258683
225923
291459
291463
291471
160406
94879
160422
225960
225983
127680
193220
160459
258766
291534
291536
193233
62164
94934
291553
127728
160501
193282
127746
291586
29448
127753
258832
226065
193298
226067
160535
258848
258855
127786
291633
226099
291635
127800
258881
226113
193350
160587
258891
127827
193370
95067
95073
258920
193390
95091
160627
95112
127882
160658
95123
29588
291741
193456
29620
226238
29632
226241
259018
193507
95207
62445
29695
226314
259082
95245
226320
95254
160794
160797
291881
291884
291885
291886
291887
193588
291900
259135
95296
291912
128072
291920
291921
226385
160851
259157
226397
226403
193643
128111
128112
259185
29815
128134
259208
259224
259227
193696
259232
259234
292003
62635
292013
226482
259257
292028
259261
259263
226499
193732
259271
95432
193740
292048
193751
29913
292075
259307
161006
29940
128274
193810
128277
128280
193823
226592
259367
62774
226618
161083
292168
292172
30032
226645
161110
259413
193882
259420
95588
259432
95593
128363
161135
226673
259443
161143
226682
292222
226689
259468
62867
259481
128412
259485
161184
95654
226746
193980
30141
259519
128454
226762
259541
226773
292316
259550
161251
226790
292336
226808
95736
62976
161283
226828
259599
226841
194083
63012
226857
259645
292415
128580
161351
63048
292428
292430
226895
259664
226896
128591
161369
128604
30304
30306
226923
292460
95855
30323
128628
226934
63097
161417
95884
226957
259735
95905
292516
128678
161448
292521
259783
128716
161489
194264
194265
95964
63204
30440
292584
259825
128757
63226
161533
96003
227075
292618
30484
194326
194329
161568
227106
259879
63276
96044
96051
63284
161588
292660
227127
227133
259903
292680
259924
227157
259929
30559
96106
30579
227187
161660
63358
227200
194441
292750
128921
63399
161704
260012
227244
227253
161718
260027
161730
63427
260037
30664
260040
63434
96201
194506
227278
260085
161781
227319
30712
260086
292860
161789
292863
260100
227347
260129
194604
63533
96305
227379
30775
161850
194620
194623
292936
227405
260176
194643
260180
260184
227423
260205
96374
292982
96385
129153
260226
260235
260236
161935
161945
161947
293021
227491
260259
30887
227497
161963
260267
129197
293039
194737
30909
63682
293058
161995
260311
227547
63736
129294
30992
293136
227606
31004
260380
194853
260436
260439
162136
162148
129383
63850
293226
63853
63856
293235
162176
260482
162180
260487
260498
293268
227744
293284
260532
260533
96696
260537
129470
293319
260553
227787
293324
227789
31184
260568
63962
293343
227809
227814
96744
227822
195056
260594
293364
31244
293389
129555
31253
260630
293399
260636
293413
260658
64051
260661
227904
195138
260677
260683
162381
293453
129618
293458
195158
195159
195161
195166
96863
96876
227950
293490
227955
260723
64126
96896
293508
162460
228008
228014
31409
228018
293554
293564
260800
195265
228039
293576
228046
64207
162519
96989
195293
195297
195298
195308
293618
31475
195316
228095
293635
293642
228112
195350
31511
228122
293659
31522
195363
293668
260898
260909
293677
162607
228148
64313
293693
97088
31555
97094
31560
195415
162651
195424
31593
31607
195450
293764
31630
228238
64401
195475
228259
261032
228272
228278
261047
97211
97213
228291
162760
64459
31693
195533
228314
130011
130012
195549
31708
261088
293858
228328
293868
64511
97280
293895
97294
293903
130064
130062
293911
64538
261154
195625
31791
261172
31799
228412
293948
261184
162882
293963
195667
228440
293987
97379
195688
261226
64626
261234
261240
261256
261259
294030
195734
130206
228511
97440
162977
228517
97459
294070
130231
130235
163012
294090
294091
195788
97482
261328
228564
228571
31966
294120
261355
294125
294137
261377
130306
130309
64792
130332
228637
261407
261415
97582
195889
294217
64845
294221
228691
261461
130390
195926
64860
32101
228709
32115
261495
163192
97662
32133
261516
97679
228751
228759
64926
163239
64938
163253
294328
261561
228797
294334
32191
130499
294346
32204
228813
261587
196058
32225
294370
64994
32231
261613
261625
228860
294399
228867
196099
130572
65054
130597
294438
130601
228906
196139
294454
32311
261692
261693
163405
130638
294483
294484
65110
163415
196186
228957
294499
261731
294509
130679
32375
261756
196222
163454
294531
130697
163469
97956
130735
97969
261816
229049
294588
130751
261824
130766
98012
261854
229094
261864
294647
294653
98065
130849
32547
294695
163627
163629
229170
98114
163659
130897
229205
196443
98144
196448
98147
98149
294764
261999
130931
163703
163705
294778
294783
294790
163727
65427
130969
32668
262045
294819
196516
196523
196525
163783
294869
32725
196567
229335
32731
65508
196586
229360
98296
229370
262140
229373
